0x08005e5e in prvIdleTask (pvParameters=0x0) at E:/Projects/stm32-stream-lab/firmware/cubemx/Middlewares/Third_Party/FreeRTOS-Kernel/tasks.c:5797
5797	            if( listCURRENT_LIST_LENGTH( &( pxReadyTasksLists[ tskIDLE_PRIORITY ] ) ) > ( UBaseType_t ) configNUMBER_OF_CORES )
warning: could not convert '$i' from the host encoding (CP1252) to UTF-32.
This normally should not happen, please file a bug report.
TRACE,1,1,1,0,0,2,251,1,1,6484,11536,1074,2,536874568,536875088,536875608,536875088,244477,258920,260522,0,7,1
TRACE,2,1,0,1,1,3,251,1,1,6462,11499,1071,3,536875608,536875088,536875608,536876128,474826,489269,490863,0,8,1
TRACE,3,1,1,0,2,0,251,1,1,6488,11523,1074,4,536875608,536876128,536874568,536876128,705252,720006,721628,0,8,1
TRACE,4,1,0,1,3,1,251,1,1,6454,11485,1071,5,536874568,536876128,536874568,536875088,935608,950056,951646,0,8,1
TRACE,5,1,1,0,0,2,251,1,1,6472,11500,1072,6,536874568,536875088,536875608,536875088,1166029,1180470,1182060,0,9,1
TRACE,6,1,0,1,1,3,251,1,1,6462,11499,1071,7,536875608,536875088,536875608,536876128,1396426,1411393,1413018,0,10,1
TRACE,7,1,1,0,2,0,251,1,1,6480,11507,1072,8,536875608,536876128,536874568,536876128,1626835,1641280,1642870,0,6,1
TRACE,8,1,0,1,3,1,251,1,1,6454,11485,1071,9,536874568,536876128,536874568,536875088,1857208,1871650,1873241,0,8,1
TRACE,9,1,1,0,0,2,251,1,1,6476,11504,1074,10,536874568,536875088,536875608,536875088,2087637,2102082,2103672,0,9,1
TRACE,10,1,0,1,1,3,251,1,1,6462,11499,1071,11,536875608,536875088,536875608,536876128,2318256,2332944,2334567,0,8,1
TRACE,11,1,1,0,2,0,251,1,1,6484,11511,1074,12,536875608,536876128,536874568,536876128,2548439,2562880,2564470,0,8,1
TRACE,12,1,0,1,3,1,251,1,1,6454,11485,1071,13,536874568,536876128,536874568,536875088,2778808,2793256,2794846,0,9,1
TRACE,13,1,1,0,0,2,251,1,1,6472,11500,1072,14,536874568,536875088,536875608,536875088,3009229,3023674,3025264,0,8,1
TRACE,14,1,0,1,1,3,251,1,1,6786,11832,1073,15,536875608,536875088,536875608,536876128,3239970,3254410,3256004,0,8,1
TRACE,15,1,1,0,2,0,251,1,1,6480,11507,1072,16,536875608,536876128,536874568,536876128,3470035,3484482,3486072,0,10,1
TRACE,16,1,0,1,3,1,251,1,1,6454,11485,1071,17,536874568,536876128,536874568,536875088,3700408,3714850,3716441,0,7,1
TRACE,17,1,1,0,0,2,251,1,1,6472,11500,1072,18,536874568,536875088,536875608,536875088,3931337,3945778,3947367,0,8,1
TRACE,18,1,0,1,1,3,251,1,1,6462,11499,1071,19,536875608,536875088,536875608,536876128,4161226,4175674,4177268,0,8,1
TRACE,19,1,1,0,2,0,251,1,1,6480,11507,1072,20,536875608,536876128,536874568,536876128,4391635,4406075,4407666,0,9,1
TRACE,20,1,0,1,3,1,251,1,1,6454,11485,1071,21,536874568,536876128,536874568,536875088,4622008,4636456,4638046,0,8,1
TRACE,21,1,1,0,0,2,251,1,1,6480,11822,1074,22,536874568,536875088,536875608,536875088,4852749,4867192,4868783,0,7,1
TRACE,22,1,0,1,1,3,251,1,1,6462,11499,1071,23,536875608,536875088,536875608,536876128,5082826,5097264,5098858,0,8,1
TRACE,23,1,1,0,2,0,251,1,1,6480,11507,1072,24,536875608,536876128,536874568,536876128,5313235,5327676,5329266,0,9,1
TRACE,24,1,0,1,3,1,251,1,1,6454,11485,1071,25,536874568,536876128,536874568,536875088,5543608,5558569,5560192,0,7,1
TRACE,25,1,1,0,0,2,251,1,1,6472,11500,1072,26,536874568,536875088,536875608,536875088,5774029,5788475,5790066,0,7,1
TRACE,26,1,0,1,1,3,251,1,1,6462,11499,1071,27,536875608,536875088,536875608,536876128,6004426,6018868,6020462,0,8,1
TRACE,27,1,1,0,2,0,251,1,1,6480,11507,1072,28,536875608,536876128,536874568,536876128,6234835,6249282,6250872,0,7,1
TRACE,28,1,0,1,3,1,251,1,1,6462,11492,1073,29,536874568,536876128,536874568,536875088,6465215,6479779,6481401,0,9,1
TRACE,29,1,1,0,0,2,251,1,1,6476,11504,1074,30,536874568,536875088,536875608,536875088,6695637,6710083,6711673,0,8,1
TRACE,30,1,0,1,1,3,251,1,1,6462,11499,1071,31,536875608,536875088,536875608,536876128,6926026,6940464,6942058,0,8,1
TRACE,31,1,1,0,2,0,251,1,1,6484,11511,1074,32,536875608,536876128,536874568,536876128,7156439,7171520,7173141,0,9,1
TRACE,32,1,0,1,3,1,251,1,1,6454,11485,1071,33,536874568,536876128,536874568,536875088,7386808,7401250,7402841,0,6,1
TRACE,33,1,1,0,0,2,251,1,1,6472,11500,1072,34,536874568,536875088,536875608,536875088,7617229,7631670,7633260,0,6,1
TRACE,34,1,0,1,1,3,251,1,1,6462,11499,1071,35,536875608,536875088,536875608,536876128,7847626,7862070,7863664,0,8,1
TRACE,35,1,1,0,2,0,251,1,1,6480,11507,1072,36,536875608,536876128,536874568,536876128,8078266,8092964,8094586,0,10,1
TRACE,36,1,0,1,3,1,251,1,1,6454,11485,1071,37,536874568,536876128,536874568,536875088,8308408,8322850,8324441,0,10,1
TRACE,37,1,1,0,0,2,251,1,1,6476,11504,1074,38,536874568,536875088,536875608,536875088,8538837,8553280,8554870,0,8,1
TRACE,38,1,0,1,1,3,251,1,1,6462,11499,1071,39,536875608,536875088,536875608,536876128,8769226,8783668,8785262,0,8,1
TRACE,39,1,1,0,2,0,251,1,1,6800,11835,1072,40,536875608,536876128,536874568,536876128,8999974,9014407,9015998,0,8,1
TRACE,40,1,0,1,3,1,251,1,1,6454,11485,1071,41,536874568,536876128,536874568,536875088,9230008,9244451,9246041,0,9,1
TRACE,41,1,1,0,0,2,251,1,1,6472,11500,1072,42,536874568,536875088,536875608,536875088,9460429,9474869,9476459,0,7,1
TRACE,42,1,0,1,1,3,251,1,1,6462,11499,1071,43,536875608,536875088,536875608,536876128,9691334,9705776,9707370,0,7,1
TRACE,43,1,1,0,2,0,251,1,1,6484,11511,1074,44,536875608,536876128,536874568,536876128,9921239,9935680,9937270,0,8,1
TRACE,44,1,0,1,3,1,251,1,1,6454,11485,1071,45,536874568,536876128,536874568,536875088,10151608,10166051,10167641,0,8,1
TRACE,45,1,1,0,0,2,251,1,1,6472,11500,1072,46,536874568,536875088,536875608,536875088,10382029,10396476,10398066,0,10,1
TRACE,46,1,0,1,1,3,251,1,1,6470,11823,1073,47,536875608,536875088,536875608,536876128,10612749,10627198,10628794,0,9,1
TRACE,47,1,1,0,2,0,251,1,1,6480,11507,1072,48,536875608,536876128,536874568,536876128,10842835,10857276,10858866,0,8,1
TRACE,48,1,0,1,3,1,251,1,1,6454,11485,1071,49,536874568,536876128,536874568,536875088,11073208,11087656,11089246,0,10,1
TRACE,49,1,1,0,0,2,251,1,1,6472,11500,1072,50,536874568,536875088,536875608,536875088,11303629,11318347,11319968,0,9,1
TRACE,50,1,0,1,1,3,251,1,1,6462,11499,1071,51,536875608,536875088,536875608,536876128,11534026,11548472,11550066,0,8,1
TRACE,51,1,1,0,2,0,251,1,1,6480,11507,1072,52,536875608,536876128,536874568,536876128,11764435,11778876,11780466,0,8,1
TRACE,52,1,0,1,3,1,251,1,1,6454,11485,1071,53,536874568,536876128,536874568,536875088,11994808,12009250,12010841,0,9,1
TRACE,53,1,1,0,0,2,251,1,1,6480,11508,1074,54,536874568,536875088,536875608,536875088,12225236,12239992,12241614,0,5,1
TRACE,54,1,0,1,1,3,251,1,1,6462,11499,1071,55,536875608,536875088,536875608,536876128,12455626,12470068,12471662,0,6,1
TRACE,55,1,1,0,2,0,251,1,1,6480,11507,1072,56,536875608,536876128,536874568,536876128,12686035,12700476,12702066,0,8,1
TRACE,56,1,0,1,3,1,251,1,1,6454,11485,1071,57,536874568,536876128,536874568,536875088,12916408,12931376,12932998,0,7,1
TRACE,57,1,1,0,0,2,251,1,1,6472,11500,1072,58,536874568,536875088,536875608,536875088,13146829,13161275,13162866,0,9,1
TRACE,58,1,0,1,1,3,251,1,1,6462,11499,1071,59,536875608,536875088,536875608,536876128,13377226,13391674,13393268,0,9,1
TRACE,59,1,1,0,2,0,251,1,1,6484,11511,1074,60,536875608,536876128,536874568,536876128,13607639,13622083,13623673,0,8,1
TRACE,60,1,0,1,3,1,251,1,1,6454,11485,1071,61,536874568,536876128,536874568,536875088,13838239,13853000,13854621,0,9,1
TRACE,61,1,1,0,0,2,251,1,1,6472,11500,1072,62,536874568,536875088,536875608,536875088,14068429,14082868,14084458,0,7,1
TRACE,62,1,0,1,1,3,251,1,1,6462,11499,1071,63,536875608,536875088,536875608,536876128,14298826,14313274,14314868,0,9,1
TRACE,63,1,1,0,2,0,251,1,1,6480,11507,1072,64,536875608,536876128,536874568,536876128,14529235,14543677,14545816,0,8,1
TRACE,64,1,0,1,3,1,251,1,1,6778,11808,1073,65,536874568,536876128,536874568,536875088,14759930,14774369,14775959,0,7,1
TRACE,65,1,1,0,0,2,251,1,1,6476,11504,1074,66,536874568,536875088,536875608,536875088,14990037,15004487,15006077,0,9,1
TRACE,66,1,0,1,1,3,251,1,1,6462,11499,1071,67,536875608,536875088,536875608,536876128,15220426,15234870,15236464,0,9,1
TRACE,67,1,1,0,2,0,251,1,1,6484,11511,1074,68,536875608,536876128,536874568,536876128,15451348,15465790,15467379,0,7,1
TRACE,68,1,0,1,3,1,251,1,1,6454,11485,1071,69,536874568,536876128,536874568,536875088,15681208,15695650,15697241,0,7,1
TRACE,69,1,1,0,0,2,251,1,1,6476,11504,1074,70,536874568,536875088,536875608,536875088,15911637,15926080,15927670,0,7,1
TRACE,70,1,0,1,1,3,251,1,1,6462,11499,1071,71,536875608,536875088,536875608,536876128,16142026,16156470,16158064,0,8,1
TRACE,71,1,1,0,2,0,251,1,1,6488,11830,1074,72,536875608,536876128,536874568,536876128,16372760,16387201,16388792,0,8,1
TRACE,72,1,0,1,3,1,251,1,1,6454,11485,1071,73,536874568,536876128,536874568,536875088,16602808,16617251,16618841,0,10,1
TRACE,73,1,1,0,0,2,251,1,1,6476,11504,1074,74,536874568,536875088,536875608,536875088,16833237,16847680,16849270,0,8,1
TRACE,74,1,0,1,1,3,251,1,1,6462,11499,1071,75,536875608,536875088,536875608,536876128,17063626,17078344,17079969,0,7,1
TRACE,75,1,1,0,2,0,251,1,1,6480,11507,1072,76,536875608,536876128,536874568,536876128,17294035,17308481,17310072,0,6,1
TRACE,76,1,0,1,3,1,251,1,1,6454,11485,1071,77,536874568,536876128,536874568,536875088,17524408,17538857,17540447,0,10,1
TRACE,77,1,1,0,0,2,251,1,1,6472,11500,1072,78,536874568,536875088,536875608,536875088,17754829,17769271,17770861,0,8,1
TRACE,78,1,0,1,1,3,251,1,1,6466,11503,1071,79,536875608,536875088,536875608,536876128,17985229,17999992,18001618,0,10,1
TRACE,79,1,1,0,2,0,251,1,1,6480,11507,1072,80,536875608,536876128,536874568,536876128,18215635,18230080,18231670,0,8,1
TRACE,80,1,0,1,3,1,251,1,1,6454,11485,1071,81,536874568,536876128,536874568,536875088,18446008,18460450,18462041,0,8,1
TRACE,81,1,1,0,0,2,251,1,1,6476,11504,1074,82,536874568,536875088,536875608,536875088,18676437,18691634,18693256,0,9,1
TRACE,82,1,0,1,1,3,251,1,1,6462,11499,1071,83,536875608,536875088,536875608,536876128,18906826,18921270,18922864,0,10,1
TRACE,83,1,1,0,2,0,251,1,1,6480,11507,1072,84,536875608,536876128,536874568,536876128,19137235,19151680,19153270,0,8,1
TRACE,84,1,0,1,3,1,251,1,1,6454,11485,1071,85,536874568,536876128,536874568,536875088,19367608,19382056,19383646,0,10,1
TRACE,85,1,1,0,0,2,251,1,1,6472,11500,1072,86,536874568,536875088,536875608,536875088,19598260,19612949,19614571,0,9,1
TRACE,86,1,0,1,1,3,251,1,1,6462,11499,1071,87,536875608,536875088,536875608,536876128,19828426,19842868,19844462,0,7,1
TRACE,87,1,1,0,2,0,251,1,1,6480,11507,1072,88,536875608,536876128,536874568,536876128,20058835,20073274,20074864,0,6,1
TRACE,88,1,0,1,3,1,251,1,1,6454,11485,1071,89,536874568,536876128,536874568,536875088,20289208,20303652,20305242,0,8,1
TRACE,89,1,1,0,0,2,251,1,1,6796,11836,1075,90,536874568,536875088,536875608,536875088,20519975,20534416,20536004,0,8,1
TRACE,90,1,0,1,1,3,251,1,1,6462,11499,1071,91,536875608,536875088,536875608,536876128,20750026,20764468,20766062,0,10,1
TRACE,91,1,1,0,2,0,251,1,1,6480,11507,1072,92,536875608,536876128,536874568,536876128,20980435,20994877,20996467,0,9,1
TRACE,92,1,0,1,3,1,251,1,1,6454,11485,1071,93,536874568,536876128,536874568,536875088,21211316,21225761,21227352,0,8,1
TRACE,93,1,1,0,0,2,251,1,1,6472,11500,1072,94,536874568,536875088,536875608,536875088,21441229,21455674,21457264,0,10,1
TRACE,94,1,0,1,1,3,251,1,1,6462,11499,1071,95,536875608,536875088,536875608,536876128,21671626,21686071,21687666,0,8,1
TRACE,95,1,1,0,2,0,251,1,1,6480,11507,1072,96,536875608,536876128,536874568,536876128,21902035,21916479,21918069,0,8,1
TRACE,96,1,0,1,3,1,251,1,1,6458,11823,1071,97,536874568,536876128,536874568,536875088,22132743,22147172,22148761,0,7,1
[Inferior 1 (Remote target) detached]
