0x08005ef4 in prvCheckTasksWaitingTermination () at E:/Projects/stm32-stream-lab/firmware/cubemx/Middlewares/Third_Party/FreeRTOS-Kernel/tasks.c:6116
6116	}
warning: could not convert '$i' from the host encoding (CP1252) to UTF-32.
This normally should not happen, please file a bug report.
TRACE,1,1,1,0,0,2,251,1,1,6536,11586,1097,2,536874568,536875088,536875608,536875088,244537,1871558,1873179,0,9,1
TRACE,2,1,0,1,1,3,251,0,1,6525,11330,1096,3,536875608,536875088,536875608,536876128,1875516,3502529,3504147,0,8,1
TRACE,3,2,1,0,2,255,253,0,1,4541,7109,511,3,536875608,536876128,536875608,536876128,0,0,0,0,0,0
TRACE,4,2,0,1,3,255,253,0,1,4530,7097,505,3,536875608,536876128,536875608,536876128,0,0,0,0,0,0
TRACE,5,2,1,0,2,255,253,0,1,4541,7109,511,3,536875608,536876128,536875608,536876128,0,0,0,0,0,0
TRACE,6,2,0,1,3,255,253,0,1,4530,7097,505,3,536875608,536876128,536875608,536876128,0,0,0,0,0,0
TRACE,7,2,1,0,2,255,253,0,1,4537,7106,509,3,536875608,536876128,536875608,536876128,0,0,0,0,0,0
TRACE,8,2,0,1,3,255,253,0,1,4530,7097,505,3,536875608,536876128,536875608,536876128,0,0,0,0,0,0
TRACE,9,1,1,0,2,0,251,0,1,6532,11334,1096,4,536875608,536876128,536874568,536876128,3506496,5133518,5135136,0,6,1
TRACE,10,2,0,1,3,255,253,0,1,4530,7090,507,4,536874568,536876128,536874568,536876128,0,0,0,0,0,0
TRACE,11,2,1,0,0,255,253,0,1,4537,7099,511,4,536874568,536876128,536874568,536876128,0,0,0,0,0,0
TRACE,12,2,0,1,3,255,253,0,1,4530,7090,507,4,536874568,536876128,536874568,536876128,0,0,0,0,0,0
TRACE,13,2,1,0,0,255,253,0,1,4537,7099,511,4,536874568,536876128,536874568,536876128,0,0,0,0,0,0
TRACE,14,2,0,1,3,255,252,0,1,4846,7406,507,4,536874568,536876128,536874568,536876128,0,0,0,0,0,0
TRACE,15,2,1,0,0,255,253,0,1,4537,7099,511,4,536874568,536876128,536874568,536876128,0,0,0,0,0,0
TRACE,16,1,0,1,3,1,251,0,1,6513,11331,1094,5,536874568,536876128,536874568,536875088,5137472,6764492,6766112,0,10,1
TRACE,17,2,1,0,0,255,253,0,1,4537,7099,511,5,536874568,536875088,536874568,536875088,0,0,0,0,0,0
TRACE,18,2,0,1,1,255,253,0,1,4530,7090,507,5,536874568,536875088,536874568,536875088,0,0,0,0,0,0
TRACE,19,2,1,0,0,255,253,0,1,4537,7099,509,5,536874568,536875088,536874568,536875088,0,0,0,0,0,0
TRACE,20,2,0,1,1,255,253,0,1,4530,7090,507,5,536874568,536875088,536874568,536875088,0,0,0,0,0,0
TRACE,21,2,1,0,0,255,253,0,1,4537,7099,511,5,536874568,536875088,536874568,536875088,0,0,0,0,0,0
TRACE,22,2,0,1,1,255,253,0,1,4530,7090,507,5,536874568,536875088,536874568,536875088,0,0,0,0,0,0
TRACE,23,1,1,0,0,2,251,0,1,6524,11332,1098,6,536874568,536875088,536875608,536875088,6768461,8395474,8397094,0,6,1
TRACE,24,2,0,1,1,255,253,0,1,4530,7089,508,6,536875608,536875088,536875608,536875088,0,0,0,0,0,0
TRACE,25,2,1,0,2,255,253,0,1,4533,7093,508,6,536875608,536875088,536875608,536875088,0,0,0,0,0,0
TRACE,26,2,0,1,1,255,253,0,1,4530,7089,508,6,536875608,536875088,536875608,536875088,0,0,0,0,0,0
TRACE,27,2,1,0,2,255,253,0,1,4533,7093,508,6,536875608,536875088,536875608,536875088,0,0,0,0,0,0
TRACE,28,2,0,1,1,255,253,0,1,4530,7089,508,6,536875608,536875088,536875608,536875088,0,0,0,0,0,0
TRACE,29,2,1,0,2,255,253,0,1,4537,7098,510,6,536875608,536875088,536875608,536875088,0,0,0,0,0,0
TRACE,30,1,0,1,1,3,251,0,1,6513,11333,1094,7,536875608,536875088,536875608,536876128,8399432,10026454,10028072,0,7,1
TRACE,31,2,1,0,2,255,253,0,1,4537,7101,509,7,536875608,536876128,536875608,536876128,0,0,0,0,0,0
TRACE,32,2,0,1,3,255,253,0,1,4530,7092,505,7,536875608,536876128,536875608,536876128,0,0,0,0,0,0
TRACE,33,2,1,0,2,255,253,0,1,4537,7101,509,7,536875608,536876128,536875608,536876128,0,0,0,0,0,0
TRACE,34,2,0,1,3,255,253,0,1,4530,7092,505,7,536875608,536876128,536875608,536876128,0,0,0,0,0,0
TRACE,35,2,1,0,2,255,253,0,1,4537,7101,509,7,536875608,536876128,536875608,536876128,0,0,0,0,0,0
TRACE,36,2,0,1,3,255,253,0,1,4530,7092,505,7,536875608,536876128,536875608,536876128,0,0,0,0,0,0
TRACE,37,1,1,0,2,0,251,0,1,6532,11334,1098,8,536875608,536876128,536874568,536876128,10030420,11657435,11659053,0,7,1
TRACE,38,2,0,1,3,255,253,0,1,4530,7090,507,8,536874568,536876128,536874568,536876128,0,0,0,0,0,0
TRACE,39,2,1,0,0,255,252,0,1,4853,7414,511,8,536874568,536876128,536874568,536876128,0,0,0,0,0,0
TRACE,40,2,0,1,3,255,253,0,1,4530,7090,507,8,536874568,536876128,536874568,536876128,0,0,0,0,0,0
TRACE,41,2,1,0,0,255,253,0,1,4537,7099,511,8,536874568,536876128,536874568,536876128,0,0,0,0,0,0
TRACE,42,2,0,1,3,255,253,0,1,4530,7090,507,8,536874568,536876128,536874568,536876128,0,0,0,0,0,0
TRACE,43,2,1,0,0,255,253,0,1,4537,7099,511,8,536874568,536876128,536874568,536876128,0,0,0,0,0,0
TRACE,44,1,0,1,3,1,251,0,1,6513,11331,1094,9,536874568,536876128,536874568,536875088,11661391,13288660,13290279,0,5,1
TRACE,45,2,1,0,0,255,253,0,1,4537,7099,511,9,536874568,536875088,536874568,536875088,0,0,0,0,0,0
TRACE,46,2,0,1,1,255,253,0,1,4530,7090,507,9,536874568,536875088,536874568,536875088,0,0,0,0,0,0
TRACE,47,2,1,0,0,255,253,0,1,4537,7099,511,9,536874568,536875088,536874568,536875088,0,0,0,0,0,0
TRACE,48,2,0,1,1,255,253,0,1,4530,7090,507,9,536874568,536875088,536874568,536875088,0,0,0,0,0,0
TRACE,49,2,1,0,0,255,253,0,1,4537,7099,509,9,536874568,536875088,536874568,536875088,0,0,0,0,0,0
TRACE,50,2,0,1,1,255,253,0,1,4530,7090,507,9,536874568,536875088,536874568,536875088,0,0,0,0,0,0
TRACE,51,1,1,0,0,2,251,0,1,6520,11317,1096,10,536874568,536875088,536875608,536875088,13292629,14919641,14921261,0,4,1
TRACE,52,2,0,1,1,255,253,0,1,4530,7089,508,10,536875608,536875088,536875608,536875088,0,0,0,0,0,0
TRACE,53,2,1,0,2,255,253,0,1,4533,7093,508,10,536875608,536875088,536875608,536875088,0,0,0,0,0,0
TRACE,54,2,0,1,1,255,253,0,1,4530,7089,508,10,536875608,536875088,536875608,536875088,0,0,0,0,0,0
TRACE,55,2,1,0,2,255,253,0,1,4537,7098,510,10,536875608,536875088,536875608,536875088,0,0,0,0,0,0
TRACE,56,2,0,1,1,255,253,0,1,4530,7089,508,10,536875608,536875088,536875608,536875088,0,0,0,0,0,0
TRACE,57,2,1,0,2,255,253,0,1,4533,7093,508,10,536875608,536875088,536875608,536875088,0,0,0,0,0,0
TRACE,58,1,0,1,1,3,251,0,1,6513,11333,1094,11,536875608,536875088,536875608,536876128,14923599,16550865,16552483,0,5,1
TRACE,59,2,1,0,2,255,253,0,1,4537,7101,509,11,536875608,536876128,536875608,536876128,0,0,0,0,0,0
TRACE,60,2,0,1,3,255,253,0,1,4530,7092,505,11,536875608,536876128,536875608,536876128,0,0,0,0,0,0
TRACE,61,2,1,0,2,255,253,0,1,4537,7101,509,11,536875608,536876128,536875608,536876128,0,0,0,0,0,0
TRACE,62,2,0,1,3,255,253,0,1,4530,7092,505,11,536875608,536876128,536875608,536876128,0,0,0,0,0,0
TRACE,63,2,1,0,2,255,253,0,1,4537,7101,509,11,536875608,536876128,536875608,536876128,0,0,0,0,0,0
TRACE,64,2,0,1,3,255,252,0,1,4846,7408,506,11,536875608,536876128,536875608,536876128,0,0,0,0,0,0
TRACE,65,1,1,0,2,0,251,0,1,6532,11334,1098,12,536875608,536876128,536874568,536876128,16554830,18182082,18183702,0,6,1
TRACE,66,2,0,1,3,255,253,0,1,4530,7090,507,12,536874568,536876128,536874568,536876128,0,0,0,0,0,0
TRACE,67,2,1,0,0,255,253,0,1,4537,7099,511,12,536874568,536876128,536874568,536876128,0,0,0,0,0,0
TRACE,68,2,0,1,3,255,253,0,1,4530,7090,507,12,536874568,536876128,536874568,536876128,0,0,0,0,0,0
TRACE,69,2,1,0,0,255,253,0,1,4537,7099,509,12,536874568,536876128,536874568,536876128,0,0,0,0,0,0
TRACE,70,2,0,1,3,255,253,0,1,4530,7090,507,12,536874568,536876128,536874568,536876128,0,0,0,0,0,0
TRACE,71,2,1,0,0,255,253,0,1,4537,7099,511,12,536874568,536876128,536874568,536876128,0,0,0,0,0,0
TRACE,72,1,0,1,3,1,251,0,1,6517,11333,1094,13,536874568,536876128,536874568,536875088,18186043,19813058,19814678,0,6,1
TRACE,73,2,1,0,0,255,253,0,1,4537,7099,511,13,536874568,536875088,536874568,536875088,0,0,0,0,0,0
TRACE,74,2,0,1,1,255,253,0,1,4530,7090,507,13,536874568,536875088,536874568,536875088,0,0,0,0,0,0
TRACE,75,2,1,0,0,255,253,0,1,4537,7099,511,13,536874568,536875088,536874568,536875088,0,0,0,0,0,0
TRACE,76,2,0,1,1,255,253,0,1,4530,7090,507,13,536874568,536875088,536874568,536875088,0,0,0,0,0,0
TRACE,77,2,1,0,0,255,253,0,1,4537,7099,509,13,536874568,536875088,536874568,536875088,0,0,0,0,0,0
TRACE,78,2,0,1,1,255,253,0,1,4530,7090,507,13,536874568,536875088,536874568,536875088,0,0,0,0,0,0
TRACE,79,1,1,0,0,2,251,0,1,6528,11335,1099,14,536874568,536875088,536875608,536875088,19828075,21455085,21456711,0,5,1
TRACE,80,2,0,1,1,255,253,0,1,4530,7089,508,14,536875608,536875088,536875608,536875088,0,0,0,0,0,0
TRACE,81,2,1,0,2,255,253,0,1,4537,7098,510,14,536875608,536875088,536875608,536875088,0,0,0,0,0,0
TRACE,82,2,0,1,1,255,253,0,1,4530,7089,508,14,536875608,536875088,536875608,536875088,0,0,0,0,0,0
TRACE,83,2,1,0,2,255,253,0,1,4537,7098,510,14,536875608,536875088,536875608,536875088,0,0,0,0,0,0
TRACE,84,2,0,1,1,255,253,0,1,4530,7089,508,14,536875608,536875088,536875608,536875088,0,0,0,0,0,0
TRACE,85,2,1,0,2,255,253,0,1,4533,7093,508,14,536875608,536875088,536875608,536875088,0,0,0,0,0,0
TRACE,86,1,0,1,1,3,251,0,2,6593,11420,1095,15,536875608,536875088,536875608,536876128,21459048,23086048,23087665,0,7,1
TRACE,87,2,1,0,2,255,253,0,1,4541,7104,509,15,536875608,536876128,536875608,536876128,0,0,0,0,0,0
TRACE,88,2,0,1,3,255,253,0,1,4530,7092,505,15,536875608,536876128,536875608,536876128,0,0,0,0,0,0
TRACE,89,2,1,0,2,255,252,0,1,4853,7416,511,15,536875608,536876128,536875608,536876128,0,0,0,0,0,0
TRACE,90,2,0,1,3,255,253,0,1,4530,7092,505,15,536875608,536876128,536875608,536876128,0,0,0,0,0,0
TRACE,91,2,1,0,2,255,253,0,1,4537,7101,509,15,536875608,536876128,536875608,536876128,0,0,0,0,0,0
TRACE,92,2,0,1,3,255,253,0,1,4530,7092,505,15,536875608,536876128,536875608,536876128,0,0,0,0,0,0
TRACE,93,2,1,0,2,255,253,0,1,4537,7106,509,15,536875608,536876128,536875608,536876128,0,0,0,0,0,0
TRACE,94,1,0,1,3,0,251,0,1,6533,11345,1096,16,536875608,536876128,536875608,536874568,23090011,24717015,24718636,0,7,1
TRACE,95,2,1,0,2,255,253,0,1,4537,7099,511,16,536875608,536874568,536875608,536874568,0,0,0,0,0,0
TRACE,96,2,0,1,0,255,253,0,1,4530,7113,507,16,536875608,536874568,536875608,536874568,0,0,0,0,0,0
[Inferior 1 (Remote target) detached]
