prvIdleTask (pvParameters=0x0) at E:/Projects/stm32-stream-lab/firmware/cubemx/Middlewares/Third_Party/FreeRTOS-Kernel/tasks.c:5773
5773	        prvCheckTasksWaitingTermination();
warning: could not convert '$i' from the host encoding (CP1252) to UTF-32.
This normally should not happen, please file a bug report.
TRACE,1,1,1,0,0,2,251,7,1,6632,11838,1073,2,536874568,536875088,536875608,536875088,244927,3254353,3256089,0,9,1
TRACE,2,1,0,1,1,3,251,6,1,6630,11574,1070,3,536875608,536875088,536875608,536876128,3258542,6267961,6269697,0,6,1
TRACE,3,1,1,0,2,4,251,5,2,6632,11577,1073,4,536875608,536876128,536876648,536876128,6272144,9281558,9283295,0,6,1
TRACE,4,1,0,1,3,5,251,4,3,6618,11559,1070,5,536876648,536876128,536876648,536877168,9286008,12295419,12297154,0,6,1
TRACE,5,1,1,0,4,6,251,3,4,6624,11561,1073,6,536876648,536877168,536877688,536877168,12299602,15309021,15310762,0,6,1
TRACE,6,1,0,1,5,7,251,2,5,6610,11542,1070,7,536877688,536877168,536877688,536878208,15313209,18322630,18324366,0,5,1
TRACE,7,1,1,0,6,8,251,1,6,6620,11561,1075,8,536877688,536878208,536878728,536878208,18326815,21336239,21337974,0,6,1
TRACE,8,1,0,1,7,9,251,0,7,6602,11533,1070,9,536878728,536878208,536878728,536879248,21340423,24349821,24351555,0,6,1
TRACE,9,2,1,0,8,255,252,0,7,4585,7209,510,9,536878728,536879248,536878728,536879248,0,0,0,0,0,0
TRACE,10,2,0,1,9,255,252,0,7,4574,7196,507,9,536878728,536879248,536878728,536879248,0,0,0,0,0,0
TRACE,11,2,1,0,8,255,252,0,7,4585,7209,510,9,536878728,536879248,536878728,536879248,0,0,0,0,0,0
TRACE,12,2,0,1,9,255,252,0,7,4574,7196,507,9,536878728,536879248,536878728,536879248,0,0,0,0,0,0
TRACE,13,2,1,0,8,255,252,0,7,4905,7528,508,9,536878728,536879248,536878728,536879248,0,0,0,0,0,0
TRACE,14,2,0,1,9,255,252,0,7,4574,7196,507,9,536878728,536879248,536878728,536879248,0,0,0,0,0,0
TRACE,15,1,1,0,8,0,251,0,7,6612,11535,1075,10,536878728,536879248,536874568,536879248,24354013,27363415,27365153,0,5,1
TRACE,16,2,0,1,9,255,252,0,7,4566,7177,505,10,536874568,536879248,536874568,536879248,0,0,0,0,0,0
TRACE,17,2,1,0,0,255,252,0,7,4581,7193,510,10,536874568,536879248,536874568,536879248,0,0,0,0,0,0
TRACE,18,2,0,1,9,255,252,0,7,4566,7177,505,10,536874568,536879248,536874568,536879248,0,0,0,0,0,0
TRACE,19,2,1,0,0,255,252,0,7,4581,7193,510,10,536874568,536879248,536874568,536879248,0,0,0,0,0,0
TRACE,20,2,0,1,9,255,252,0,7,4566,7177,505,10,536874568,536879248,536874568,536879248,0,0,0,0,0,0
TRACE,21,2,1,0,0,255,252,0,7,4581,7193,511,10,536874568,536879248,536874568,536879248,0,0,0,0,0,0
TRACE,22,2,0,1,9,255,252,0,7,4566,7182,505,10,536874568,536879248,536874568,536879248,0,0,0,0,0,0
TRACE,23,2,1,0,0,255,252,0,7,4581,7198,510,10,536874568,536879248,536874568,536879248,0,0,0,0,0,0
TRACE,24,2,0,1,9,255,252,0,7,4566,7182,505,10,536874568,536879248,536874568,536879248,0,0,0,0,0,0
TRACE,25,2,1,0,0,255,252,0,7,4581,7198,511,10,536874568,536879248,536874568,536879248,0,0,0,0,0,0
TRACE,26,2,0,1,9,255,252,0,7,4566,7182,505,10,536874568,536879248,536874568,536879248,0,0,0,0,0,0
TRACE,27,2,1,0,0,255,252,0,7,4581,7198,511,10,536874568,536879248,536874568,536879248,0,0,0,0,0,0
TRACE,28,1,0,1,9,1,251,0,7,6586,11503,1073,11,536874568,536879248,536874568,536875088,27367603,30377009,30378751,0,7,1
TRACE,29,2,1,0,0,255,252,0,7,4581,7193,511,11,536874568,536875088,536874568,536875088,0,0,0,0,0,0
TRACE,30,2,0,1,1,255,252,0,7,4566,7177,505,11,536874568,536875088,536874568,536875088,0,0,0,0,0,0
TRACE,31,2,1,0,0,255,252,0,7,4581,7193,510,11,536874568,536875088,536874568,536875088,0,0,0,0,0,0
TRACE,32,2,0,1,1,255,252,0,7,4566,7177,505,11,536874568,536875088,536874568,536875088,0,0,0,0,0,0
TRACE,33,2,1,0,0,255,252,0,7,4581,7193,510,11,536874568,536875088,536874568,536875088,0,0,0,0,0,0
TRACE,34,2,0,1,1,255,252,0,7,4566,7177,505,11,536874568,536875088,536874568,536875088,0,0,0,0,0,0
TRACE,35,2,1,0,0,255,252,0,7,4581,7193,511,11,536874568,536875088,536874568,536875088,0,0,0,0,0,0
TRACE,36,2,0,1,1,255,252,0,7,4566,7177,505,11,536874568,536875088,536874568,536875088,0,0,0,0,0,0
TRACE,37,2,1,0,0,255,252,0,7,4581,7193,511,11,536874568,536875088,536874568,536875088,0,0,0,0,0,0
TRACE,38,2,0,1,1,255,252,0,7,4886,7497,505,11,536874568,536875088,536874568,536875088,0,0,0,0,0,0
TRACE,39,2,1,0,0,255,252,0,7,4581,7193,511,11,536874568,536875088,536874568,536875088,0,0,0,0,0,0
TRACE,40,2,0,1,1,255,252,0,7,4566,7177,505,11,536874568,536875088,536874568,536875088,0,0,0,0,0,0
TRACE,41,1,1,0,0,2,251,0,7,6592,11513,1072,12,536874568,536875088,536875608,536875088,30381205,33390602,33392348,0,7,1
TRACE,42,2,0,1,1,255,252,0,7,4570,7184,506,12,536875608,536875088,536875608,536875088,0,0,0,0,0,0
TRACE,43,2,1,0,2,255,252,0,7,4581,7196,509,12,536875608,536875088,536875608,536875088,0,0,0,0,0,0
TRACE,44,2,0,1,1,255,252,0,7,4570,7184,506,12,536875608,536875088,536875608,536875088,0,0,0,0,0,0
TRACE,45,2,1,0,2,255,252,0,7,4581,7196,509,12,536875608,536875088,536875608,536875088,0,0,0,0,0,0
TRACE,46,2,0,1,1,255,252,0,7,4570,7184,506,12,536875608,536875088,536875608,536875088,0,0,0,0,0,0
TRACE,47,2,1,0,2,255,252,0,7,4585,7201,511,12,536875608,536875088,536875608,536875088,0,0,0,0,0,0
TRACE,48,2,0,1,1,255,252,0,7,4570,7184,506,12,536875608,536875088,536875608,536875088,0,0,0,0,0,0
TRACE,49,2,1,0,2,255,252,0,7,4581,7196,509,12,536875608,536875088,536875608,536875088,0,0,0,0,0,0
TRACE,50,2,0,1,1,255,252,0,7,4570,7184,506,12,536875608,536875088,536875608,536875088,0,0,0,0,0,0
TRACE,51,2,1,0,2,255,252,0,7,4581,7196,509,12,536875608,536875088,536875608,536875088,0,0,0,0,0,0
TRACE,52,2,0,1,1,255,252,0,7,4570,7184,506,12,536875608,536875088,536875608,536875088,0,0,0,0,0,0
TRACE,53,2,1,0,2,255,252,0,7,4581,7196,509,12,536875608,536875088,536875608,536875088,0,0,0,0,0,0
TRACE,54,1,0,1,1,3,251,0,7,6594,11521,1071,13,536875608,536875088,536875608,536876128,33394810,36404213,36405967,0,6,1
TRACE,55,2,1,0,2,255,252,0,7,4581,7196,509,13,536875608,536876128,536875608,536876128,0,0,0,0,0,0
TRACE,56,2,0,1,3,255,252,0,7,4570,7184,506,13,536875608,536876128,536875608,536876128,0,0,0,0,0,0
TRACE,57,2,1,0,2,255,252,0,7,4585,7201,511,13,536875608,536876128,536875608,536876128,0,0,0,0,0,0
TRACE,58,2,0,1,3,255,252,0,7,4570,7184,506,13,536875608,536876128,536875608,536876128,0,0,0,0,0,0
TRACE,59,2,1,0,2,255,252,0,7,4585,7201,511,13,536875608,536876128,536875608,536876128,0,0,0,0,0,0
TRACE,60,2,0,1,3,255,252,0,7,4570,7184,506,13,536875608,536876128,536875608,536876128,0,0,0,0,0,0
TRACE,61,2,1,0,2,255,252,0,7,4581,7196,509,13,536875608,536876128,536875608,536876128,0,0,0,0,0,0
TRACE,62,2,0,1,3,255,252,0,7,4570,7184,506,13,536875608,536876128,536875608,536876128,0,0,0,0,0,0
TRACE,63,2,1,0,2,255,252,0,7,4905,7520,510,13,536875608,536876128,536875608,536876128,0,0,0,0,0,0
TRACE,64,2,0,1,3,255,252,0,7,4570,7184,506,13,536875608,536876128,536875608,536876128,0,0,0,0,0,0
TRACE,65,2,1,0,2,255,252,0,7,4581,7196,509,13,536875608,536876128,536875608,536876128,0,0,0,0,0,0
TRACE,66,2,0,1,3,255,252,0,7,4570,7184,506,13,536875608,536876128,536875608,536876128,0,0,0,0,0,0
TRACE,67,1,1,0,2,4,251,0,7,6604,11532,1072,14,536875608,536876128,536876648,536876128,36408433,39417833,39419591,0,6,1
TRACE,68,2,0,1,3,255,252,0,7,4570,7184,506,14,536876648,536876128,536876648,536876128,0,0,0,0,0,0
TRACE,69,2,1,0,4,255,252,0,7,4581,7196,509,14,536876648,536876128,536876648,536876128,0,0,0,0,0,0
TRACE,70,2,0,1,3,255,252,0,7,4570,7184,506,14,536876648,536876128,536876648,536876128,0,0,0,0,0,0
TRACE,71,2,1,0,4,255,252,0,7,4581,7196,509,14,536876648,536876128,536876648,536876128,0,0,0,0,0,0
TRACE,72,2,0,1,3,255,252,0,7,4570,7184,506,14,536876648,536876128,536876648,536876128,0,0,0,0,0,0
TRACE,73,2,1,0,4,255,252,0,7,4585,7201,511,14,536876648,536876128,536876648,536876128,0,0,0,0,0,0
TRACE,74,2,0,1,3,255,252,0,7,4570,7184,506,14,536876648,536876128,536876648,536876128,0,0,0,0,0,0
TRACE,75,2,1,0,4,255,252,0,7,4581,7196,509,14,536876648,536876128,536876648,536876128,0,0,0,0,0,0
TRACE,76,2,0,1,3,255,252,0,7,4570,7184,506,14,536876648,536876128,536876648,536876128,0,0,0,0,0,0
TRACE,77,2,1,0,4,255,252,0,7,4581,7196,509,14,536876648,536876128,536876648,536876128,0,0,0,0,0,0
TRACE,78,2,0,1,3,255,252,0,7,4570,7184,506,14,536876648,536876128,536876648,536876128,0,0,0,0,0,0
TRACE,79,2,1,0,4,255,252,0,7,4581,7196,509,14,536876648,536876128,536876648,536876128,0,0,0,0,0,0
TRACE,80,1,0,1,3,5,251,0,7,6598,11525,1071,15,536876648,536876128,536876648,536877168,39422061,42431695,42433457,0,7,1
TRACE,81,2,1,0,4,255,252,0,7,4581,7196,509,15,536876648,536877168,536876648,536877168,0,0,0,0,0,0
TRACE,82,2,0,1,5,255,252,0,7,4570,7184,506,15,536876648,536877168,536876648,536877168,0,0,0,0,0,0
TRACE,83,2,1,0,4,255,252,0,7,4585,7201,511,15,536876648,536877168,536876648,536877168,0,0,0,0,0,0
TRACE,84,2,0,1,5,255,252,0,7,4570,7184,506,15,536876648,536877168,536876648,536877168,0,0,0,0,0,0
TRACE,85,2,1,0,4,255,252,0,7,4581,7196,509,15,536876648,536877168,536876648,536877168,0,0,0,0,0,0
TRACE,86,2,0,1,5,255,252,0,7,4570,7184,506,15,536876648,536877168,536876648,536877168,0,0,0,0,0,0
TRACE,87,2,1,0,4,255,252,0,7,4581,7196,509,15,536876648,536877168,536876648,536877168,0,0,0,0,0,0
TRACE,88,2,0,1,5,255,252,0,7,4894,7512,506,15,536876648,536877168,536876648,536877168,0,0,0,0,0,0
TRACE,89,2,1,0,4,255,252,0,7,4581,7196,509,15,536876648,536877168,536876648,536877168,0,0,0,0,0,0
TRACE,90,2,0,1,5,255,252,0,7,4570,7184,506,15,536876648,536877168,536876648,536877168,0,0,0,0,0,0
TRACE,91,2,1,0,4,255,252,0,7,4581,7196,509,15,536876648,536877168,536876648,536877168,0,0,0,0,0,0
TRACE,92,2,0,1,5,255,252,0,7,4570,7184,506,15,536876648,536877168,536876648,536877168,0,0,0,0,0,0
TRACE,93,1,1,0,4,6,251,0,7,6604,11532,1074,16,536876648,536877168,536877688,536877168,42435931,45445330,45447096,0,8,1
TRACE,94,2,0,1,5,255,252,0,7,4570,7184,506,16,536877688,536877168,536877688,536877168,0,0,0,0,0,0
TRACE,95,2,1,0,6,255,252,0,7,4581,7196,509,16,536877688,536877168,536877688,536877168,0,0,0,0,0,0
TRACE,96,2,0,1,5,255,252,0,7,4570,7209,506,16,536877688,536877168,536877688,536877168,0,0,0,0,0,0
[Inferior 1 (Remote target) detached]
